<!DOCTYPE html><html lang="en"><head><meta charSet="utf-8"/><meta name="viewport" content="width=device-width, initial-scale=1"/><link rel="preload" as="font" href="/_next/static/media/c9a5bc6a7c948fb0-s.p.woff2" crossorigin="" type="font/woff2"/><link rel="preload" as="font" href="/_next/static/media/92f44bb82993d879-s.p.woff2" crossorigin="" type="font/woff2"/><link rel="stylesheet" href="/_next/static/css/d3df112486f97f47.css" data-precedence="next"/><link rel="stylesheet" href="/_next/static/css/ce229e8280b65b88.css" data-precedence="next"/><link rel="stylesheet" href="/_next/static/css/67cd89eb2f8905c7.css" data-precedence="next"/><link rel="preload" href="/_next/static/chunks/webpack-f608cced2fbc4acf.js" as="script" fetchPriority="low"/><script src="/_next/static/chunks/fd9d1056-44fe9588d0e5e7bc.js" async=""></script><script src="/_next/static/chunks/596-8d845297122c6823.js" async=""></script><script src="/_next/static/chunks/main-app-f07f8834a8b67325.js" async=""></script><title>TopCoder Statistics - Problem Statement</title><meta name="description" content="TopCoder Statistics - Problem Archive"/><link rel="icon" href="/favicon.ico" type="image/x-icon" sizes="16x16"/><meta name="next-size-adjust"/><script src="/_next/static/chunks/polyfills-78c92fac7aa8fdd8.js" noModule=""></script></head><body class="__className_aaf875"><main><h1><a href="/">Statistics</a></h1><h2>Problem Statement for &quot;<!-- -->XorLists<!-- -->&quot;</h2><section class="__className_c9cbed"><article><div><h3>Problem Statement</h3><div><p xmlns="http://topcoder.com">
Given a sequence of n integers, we can compute the bitwise xor of each pair of integers.
This will give us a list of n^2 integers.
Your goal in this task is to reverse this process:
you will be given the list of n^2 integers and you have to count all sequences of length n that would produce it.
</p>

<p xmlns="http://topcoder.com">
Formally, you are given a <type>int[]</type> <b>s</b> with n^2 elements.
We are now interested in sequences with the following properties:
<ul>
<li>The sequence has n elements.</li>
<li>Each element is an integer between 0 and <b>m</b>, inclusive.</li>
<li>If we denote the elements a[0], ..., a[n-1], then for each i and j between 0 and n-1, inclusive, <b>s</b>[i*n+j] equals (a[i] xor a[j]).</li>
</ul>
</p>

<p xmlns="http://topcoder.com">
Count all such sequences and return their count modulo 1,000,000,007.
</p></div></div><div><h3>Definition</h3><dl><dt>Class:</dt><dd><span>XorLists</span></dd><dt>Method:</dt><dd><span>countLists</span></dd><dt>Parameters:</dt><dd><span>int[], int</span></dd><dt>Returns:</dt><dd><span>int</span></dd><dt>Method signature:</dt><dd><span>int countLists(int[] s, int m)</span></dd><dt>(be sure your method is public)</dt></dl></div><div><h3>Constraints</h3><ul><li><span>n will be between 1 and 10, inclusive.</span></li><li><span>s will have exactly n*n elements.</span></li><li><span>Each element of s will be between 0 and 1,000,000,000, inclusive.</span></li><li><span>m will be between 0 and 1,000,000,000, inclusive.</span></li></ul></div><div><h3>Examples</h3><ol><li><div><p>{0}</p>
<p>10000</p>
<p>Returns: 10001</p>
<p>Here, the unknown sequence has just a single element.
Regardless of its value, if we xor it with itself, it will produce a zero.
Hence, there are 10001 valid sequences: (0), (1), ..., and (10000).</p></div></li><li><div><p>{1}</p>
<p>10000</p>
<p>Returns: 0</p>
<p>The bitwise xor of a number with itself will never be 1, so there are no valid sequences.</p></div></li><li><div><p>{0,1,2,
 1,0,3,
 2,3,0}</p>
<p>5</p>
<p>Returns: 4</p>
<p></p></div></li><li><div><p>{0,3,
 3,0}</p>
<p>2</p>
<p>Returns: 2</p>
<p>Note that even though the numbers in the lists are constrainted from 0 to 2, the XORs can be bigger than m and still have a solution.</p></div></li><li><div><p>{
0,18955782,19774078,15197314,10559559,9167552,1059865,10395923,23165910,45583720,
18955782,0,820344,29809284,25173569,27974854,19993119,29335317,4212176,60207982,
19774078,820344,0,30039804,25991737,27678910,20813415,28515181,5030312,60438294,
15197314,29809284,30039804,0,4637893,7079490,16238747,7947665,25599828,38824426,
10559559,25173569,25991737,4637893,0,2802311,11603038,4161876,29383569,35040559,
9167552,27974854,27678910,7079490,2802311,0,10211033,1393619,32151830,37515176,
1059865,19993119,20813415,16238747,11603038,10211033,0,9342218,24205263,44540273,
10395923,29335317,28515181,7947665,4161876,1393619,9342218,0,33544901,36252795,
23165910,4212176,5030312,25599828,29383569,32151830,24205263,33544901,0,64419518,
45583720,60207982,60438294,38824426,35040559,37515176,44540273,36252795,64419518,0
}</p>
<p>1000000000</p>
<p>Returns: 976248323</p>
<p></p></div></li><li><div><p>{0,54621486,458245,32964605,12898165,26378379,63169269,64048957,53858130,38836463,54621486,0,55020331,45583059,59095643,47445413,8558555,9452051,7649916,17952193,458245,55020331,0,32506360,12726640,26508942,63249648,64467256,53686615,39216874,32964605,45583059,32506360,0,20066440,6586230,37035272,36155584,46346415,61237010,12898165,59095643,12726640,20066440,0,22433790,50802048,51740744,66125863,43276186,26378379,47445413,26508942,6586230,22433790,0,38888062,37998518,44519385,63051876,63169269,8558555,63249648,37035272,50802048,38888062,0,1224136,16133543,26442266,64048957,9452051,64467256,36155584,51740744,37998518,1224136,0,14975087,25286610,53858130,7649916,53686615,46346415,66125863,44519385,16133543,14975087,0,23418813,38836463,17952193,39216874,61237010,43276186,63051876,26442266,25286610,23418813,0}</p>
<p>790254544</p>
<p>Returns: 739922897</p>
<p></p></div></li><li><div><p>{0,31123713,31123713,0}</p>
<p>664224220</p>
<p>Returns: 657359802</p>
<p></p></div></li><li><div><p>{0,6469527,27726190,126829390,64511014,24574540,6469527,0,29730553,133035225,62581681,18107867,27726190,29730553,0,103305760,41897288,13757218,126829390,133035225,103305760,0,72818536,117029122,64511014,62581681,41897288,72818536,0,45000298,24574540,18107867,13757218,117029122,45000298,0}</p>
<p>632324435</p>
<p>Returns: 565215572</p>
<p></p></div></li><li><div><p>{0,32314929,22960446,56088572,109291492,5356769,47961115,116385923,114675190,32314929,0,11751183,45793741,124694997,29141712,53920298,117636786,121166791,22960446,11751183,0,34180802,131989210,17819103,59084069,129085885,126588104,56088572,45793741,34180802,0,97808408,50752285,25953255,95960959,92412426,109291492,124694997,131989210,97808408,0,114432773,72905727,7098215,5663250,5356769,29141712,17819103,50752285,114432773,0,42625274,113136738,109342999,47961115,53920298,59084069,25953255,72905727,42625274,0,70532248,68033005,116385923,117636786,129085885,95960959,7098215,113136738,70532248,0,3810677,114675190,121166791,126588104,92412426,5663250,109342999,68033005,3810677,0}</p>
<p>749832857</p>
<p>Returns: 679477248</p>
<p></p></div></li><li><div><p>{0,26974320,131878384,26974320,0,105371008,131878384,105371008,0}</p>
<p>848195597</p>
<p>Returns: 805306368</p>
<p></p></div></li><li><div><p>{0,17745311,24373272,43461914,66375365,83706972,6107752,21285958,17745311,0,8203655,60418181,49941338,99844547,22280183,4852185,24373272,8203655,0,65324290,42411741,93236292,19847792,3613790,43461914,60418181,65324290,0,23323615,107637062,46800754,64217436,66375365,49941338,42411741,23323615,0,118065817,61471917,45089411,83706972,99844547,93236292,107637062,118065817,0,77624884,96045082,6107752,22280183,19847792,46800754,61471917,77624884,0,18480686,21285958,4852185,3613790,64217436,45089411,96045082,18480686,0}</p>
<p>632477736</p>
<p>Returns: 565368873</p>
<p></p></div></li><li><div><p>{0,34411436,95487086,34411436,0,129767362,95487086,129767362,0}</p>
<p>90326147</p>
<p>Returns: 23217284</p>
<p></p></div></li><li><div><p>{0,81924482,81924482,0}</p>
<p>750821172</p>
<p>Returns: 696335978</p>
<p></p></div></li><li><div><p>{0,50836486,68506691,38669477,50836486,0,118677573,21608611,68506691,118677573,0,106649830,38669477,21608611,106649830,0}</p>
<p>276047745</p>
<p>Returns: 268435456</p>
<p></p></div></li><li><div><p>{0,122069124,130154840,6803677,42805167,9906408,60114712,36401553,122069124,0,8692188,119631961,97224491,131172460,80996252,91083029,130154840,8692188,0,128307589,89073399,123021744,72828480,99184841,6803677,119631961,128307589,0,48953202,15792181,66230213,38576460,42805167,97224491,89073399,48953202,0,35262279,18374839,10901054,9906408,131172460,123021744,15792181,35262279,0,50491376,45898105,60114712,80996252,72828480,66230213,18374839,50491376,0,29243017,36401553,91083029,99184841,38576460,10901054,45898105,29243017,0}</p>
<p>251322663</p>
<p>Returns: 199648712</p>
<p></p></div></li><li><div><p>{0,64282682,21460858,26524466,1213293,2100053,26855661,98546186,64282682,0,43226944,37772040,63333207,66382703,38611159,101405232,21460858,43226944,0,13880392,22410263,23559215,14598039,77120880,26524466,37772040,13880392,0,25573471,28618855,881631,72026424,1213293,63333207,22410263,25573471,0,3311672,25906048,97333607,2100053,66382703,23559215,28618855,3311672,0,28951480,100645215,26855661,38611159,14598039,881631,25906048,28951480,0,71727847,98546186,101405232,77120880,72026424,97333607,100645215,71727847,0}</p>
<p>936970671</p>
<p>Returns: 924659824</p>
<p></p></div></li><li><div><p>{0,87377957,51750622,67100800,22952362,3737130,87377957,0,102821627,113944741,74150287,84692495,51750622,102821627,0,15353438,38510452,53256436,67100800,113944741,15353438,0,44161322,63366826,22952362,74150287,38510452,44161322,0,23543680,3737130,84692495,53256436,63366826,23543680,0}</p>
<p>157828137</p>
<p>Returns: 134217728</p>
<p></p></div></li><li><div><p>{0,114186812,82024151,89918202,81941299,69209023,70485415,97089798,114186812,0,36556011,59920582,36440335,49172867,50192283,50799418,82024151,36556011,0,29334573,116196,12819816,13636464,19591121,89918202,59920582,29334573,0,29252041,24904005,24088413,9794556,81941299,36440335,116196,29252041,0,12736652,13751956,19606069,69209023,49172867,12819816,24904005,12736652,0,1281560,32076473,70485415,50192283,13636464,24088413,13751956,1281560,0,33225889,97089798,50799418,19591121,9794556,19606069,32076473,33225889,0}</p>
<p>124996299</p>
<p>Returns: 82220440</p>
<p></p></div></li><li><div><p>{0,97589684,21222672,67526746,97589684,0,76729508,30898670,21222672,76729508,0,88454474,67526746,30898670,88454474,0}</p>
<p>1664389</p>
<p>Returns: 0</p>
<p></p></div></li><li><div><p>{0,16105271,36314838,111937430,24584499,32768992,131612142,16105271,0,48210401,106543265,25337348,16891095,120423129,36314838,48210401,0,75897152,56442853,64888118,99754808,111937430,106543265,75897152,0,131802789,123208822,24394360,24584499,25337348,56442853,131802789,0,8594131,112139485,32768992,16891095,64888118,123208822,8594131,0,103562766,131612142,120423129,99754808,24394360,112139485,103562766,0}</p>
<p>128176116</p>
<p>Returns: 91926451</p>
<p></p></div></li><li><div><p>{0,29921809,97867406,111771891,99198044,23532322,93250632,24737289,29921809,0,69059743,123802338,69285453,11501875,71726681,11658264,97867406,69059743,0,58513021,3994322,78792108,6009542,78389383,111771891,123802338,58513021,0,54535343,130978769,52913339,131135226,99198044,69285453,3994322,54535343,0,76461950,6766612,76599893,23532322,11501875,78792108,130978769,76461950,0,82442090,1991979,93250632,71726681,6009542,52913339,6766612,82442090,0,83333697,24737289,11658264,78389383,131135226,76599893,1991979,83333697,0}</p>
<p>312499611</p>
<p>Returns: 268435456</p>
<p></p></div></li><li><div><p>{0,120429133,14691638,108193244,76596707,9112452,90002201,3308685,68573241,120429133,0,130922363,23035793,62742446,128356809,40946004,119531200,54248052,14691638,130922363,0,110282986,74508501,7022258,96304687,13783483,83260687,108193244,23035793,110282986,0,48373823,117042776,53458629,104896849,40156645,76596707,62742446,74508501,48373823,0,68931175,30250746,77773166,8822234,9112452,128356809,7022258,117042776,68931175,0,97933469,12154633,77419453,90002201,40946004,96304687,53458629,30250746,97933469,0,91172756,21695264,3308685,119531200,13783483,104896849,77773166,12154633,91172756,0,69477556,68573241,54248052,83260687,40156645,8822234,77419453,21695264,69477556,0}</p>
<p>278779455</p>
<p>Returns: 268435456</p>
<p></p></div></li><li><div><p>{0,17221924,35783712,74854066,17221924,0,52743428,91285398,35783712,52743428,0,106179218,74854066,91285398,106179218,0}</p>
<p>639887345</p>
<p>Returns: 575131620</p>
<p></p></div></li><li><div><p>{0,118350655,116816864,91766328,130009762,26095113,128004635,78242573,112047699,91571819,118350655,0,33265887,41278727,11676061,109301046,11325732,61079602,27284844,41461076,116816864,33265887,0,59655640,21606722,125326825,22497787,39819501,6016435,58932619,91766328,41278727,59655640,0,46658714,83234865,47778851,30530869,64325739,882771,130009762,11676061,21606722,46658714,0,103933099,2029753,51784111,17988849,46828745,26095113,109301046,125326825,83234865,103933099,0,103750674,86494468,119773274,83585122,128004635,11325732,22497787,47778851,2029753,103750674,0,50909462,17597512,47477872,78242573,61079602,39819501,30530869,51784111,86494468,50909462,0,33838430,31237478,112047699,27284844,6016435,64325739,17988849,119773274,17597512,33838430,0,64548920,91571819,41461076,58932619,882771,46828745,83585122,47477872,31237478,64548920,0}</p>
<p>707169037</p>
<p>Returns: 671088640</p>
<p></p></div></li><li><div><p>{0,80097949,108987642,124412228,89550397,105393300,80097949,0,45692519,61625305,26238112,42868233,108987642,45692519,0,18179518,53045959,3614830,124412228,61625305,18179518,0,37490553,19025360,89550397,26238112,53045959,37490553,0,52314793,105393300,42868233,3614830,19025360,52314793,0}</p>
<p>688410713</p>
<p>Returns: 671088640</p>
<p></p></div></li><li><div><p>{0,120215034,90117596,4295627,120215034,0,41238566,124509745,90117596,41238566,0,85892631,4295627,124509745,85892631,0}</p>
<p>214226442</p>
<p>Returns: 143240214</p>
<p></p></div></li><li><div><p>{0,122355561,107660066,1907632,127017749,119670868,17027529,126467859,5357978,122355561,0,18889803,123200729,14212220,6879037,105459360,12796026,119226099,107660066,18889803,0,108517522,33087543,21547894,124326635,31685681,104530616,1907632,123200729,108517522,0,126826661,121574372,18795129,127181987,5036586,127017749,14212220,33087543,126826661,0,11545409,110228188,1809414,130278031,119670868,6879037,21547894,121574372,11545409,0,102881693,11253575,125028814,17027529,105459360,124326635,18795129,110228188,102881693,0,109735642,22155347,126467859,12796026,31685681,127181987,1809414,11253575,109735642,0,131628681,5357978,119226099,104530616,5036586,130278031,125028814,22155347,131628681,0}</p>
<p>597140585</p>
<p>Returns: 536870912</p>
<p></p></div></li><li><div><p>{0,11046378,6180666,112615620,11046378,0,16171728,102690094,6180666,16171728,0,115879934,112615620,102690094,115879934,0}</p>
<p>861411982</p>
<p>Returns: 805306368</p>
<p></p></div></li><li><div><p>{0,23202093,130995435,12127036,44577013,30495661,63414004,7529602,24322498,43140690,23202093,0,111992262,31130129,63584728,11754112,44406745,17886639,1124591,66080639,130995435,111992262,0,125296599,90629150,102729542,67717663,129773673,113112361,89952953,12127036,31130129,125296599,0,34683849,23615633,58627528,13365182,30026494,36392302,44577013,63584728,90629150,34683849,0,58286936,24096257,47895671,64688439,3831463,30495661,11754112,102729542,23615633,58286936,0,35048793,27506479,10646127,54728191,63414004,44406745,67717663,58627528,24096257,35048793,0,62225014,45399862,22403238,7529602,17886639,129773673,13365182,47895671,27506479,62225014,0,16893248,48276176,24322498,1124591,113112361,30026494,64688439,10646127,45399862,16893248,0,65103760,43140690,66080639,89952953,36392302,3831463,54728191,22403238,48276176,65103760,0}</p>
<p>317454119</p>
<p>Returns: 268435456</p>
<p></p></div></li><li><div><p>{0,930730,52828452,45982939,43253506,80233925,930730,0,52963982,45324145,43895976,80115311,52828452,52963982,0,26983935,28698150,133061857,45982939,45324145,26983935,0,3038169,108388638,43253506,43895976,28698150,3038169,0,106674887,80233925,80115311,133061857,108388638,106674887,0}</p>
<p>527345974</p>
<p>Returns: 497547082</p>
<p></p></div></li><li><div><p>{0,44661133,107904455,31253828,34571441,34787402,130498050,19248005,58913708,19898130,44661133,0,80151626,58039497,10943804,12298695,91113359,59558408,19630625,59172511,107904455,80151626,0,129144963,73529718,75279757,27870149,122408514,99389035,121758421,31253828,58039497,129144963,0,64184821,63845646,102488902,16340673,39720680,15956566,34571441,10943804,73529718,64184821,0,1922299,97041075,53098292,26048285,52435875,34787402,200374967,75279757,63845646,1922299,0,97906248,53961679,26223590,54349656,130498050,91113359,27870149,102488902,97041075,97906248,0,115510663,71683502,115908880,19248005,59558408,122408514,16340673,53098292,53961679,115510663,0,44515369,666775,58913708,19630625,99389035,39720680,26048285,26223590,71683502,44515369,0,44919998,19898130,59172511,121758421,15956566,52435875,54349656,115908880,666775,44919998,0}</p>
<p>830814159</p>
<p>Returns: 0</p>
<p></p></div></li><li><div><p>{0,987308923,115674320,91279589,114946853,0,3997685,61416384,115674320,3997685,0,60152885,91279589,61416384,60152885,0}</p>
<p>864519832</p>
<p>Returns: 0</p>
<p></p></div></li><li><div><p>{0,975139775,35788953,0}</p>
<p>810998566</p>
<p>Returns: 0</p>
<p></p></div></li><li><div><p>{0,92939793,93902330,92939793,306208444,1242091,93902330,1242091,0}</p>
<p>710107362</p>
<p>Returns: 0</p>
<p></p></div></li><li><div><p>{0,26367518,61767962,119447185,124195952,132202946,36162638,26367518,0,37541636,109889679,116736622,108206044,62233168,61767962,37541636,0,78651275,80319850,72335576,25775444,119447185,109889679,78651275,0,623117270,16768851,87642847,124195952,116736622,80319850,7965409,0,8803762,88135742,132202946,108206044,72335576,16768851,8803762,0,96898444,36162638,62233168,25775444,87642847,88135742,96898444,0}</p>
<p>374447432</p>
<p>Returns: 0</p>
<p></p></div></li><li><div><p>{0,107177666,126807219,92776819,5772419,93206631,11058614,97871445,109955297,80842415,107177666,0,32344689,65327025,104559169,65887909,114023284,62259351,15642147,45279341,126807219,32344689,0,34162112,131528752,33608916,119951621,744604566,16983122,56582684,92776819,65327025,34162112,0,98549232,626964,86971589,5426982,51011986,22423516,5772419,104559169,131528752,98549232,0,97922276,15771957,93156054,114678882,76126764,93206631,65887909,33608916,626964,97922276,0,86410705,5987890,50589830,23049928,11058614,114023284,119951621,86971589,15771957,86410705,0,92134371,103118167,75051801,97871445,62259351,39553766,5426982,93156054,5987890,92134371,0,56143540,17099002,109955297,15642147,16983122,51011986,114678882,50589830,103118167,56143540,0,39601742,80842415,45279341,56582684,22423516,76126764,23049928,75051801,17099002,39601742,0}</p>
<p>601529860</p>
<p>Returns: 0</p>
<p></p></div></li><li><div><p>{0,915308046,85907163,10414370,0,92291065,85907163,92291065,0}</p>
<p>179204661</p>
<p>Returns: 0</p>
<p></p></div></li><li><div><p>{0,56580904,11058504,4736193,89620660,6234955,11749595,98562710,513064,56580904,0,66578016,51847145,101243804,50362467,65803251,109095358,56135424,11058504,66578016,0,14743945,100613628,16227843,1832339,91705310,11495776,4736193,51847145,14743945,0,85967989,1533834,16452634,93828695,5214441,89620660,101243804,100613628,85967989,0,84452351,98879599,8942114,89150620,6234955,301600696,16227843,1533834,84452351,0,15494032,92328413,5830499,11749595,65803251,1832339,16452634,98879599,15494032,0,91011661,11836659,98562710,109095358,91705310,93828695,8942114,92328413,91011661,0,98051774,513064,56135424,11495776,5214441,89150620,5830499,11836659,98051774,0}</p>
<p>994842036</p>
<p>Returns: 0</p>
<p></p></div></li><li><div><p>{0,81238148,76382721,37536639,29955777,75908223,75749216,55138743,81238148,0,5905029,116087803,85888581,5364987,5525476,127844659,76382721,5905029,0,112279934,88380608,771710,939361,130341814,37536639,116087803,112279934,0,66442686,112887552,113185823,24484552,29955777,85888581,88380608,66442686,0,89084606,88785313,41963382,75908223,5364987,771710,112887552,89084606,0,365343,131014088,75749216,5525476,939361,113185823,88785313,913866012,0,130715351,55138743,127844659,130341814,24484552,41963382,131014088,130715351,0}</p>
<p>667431379</p>
<p>Returns: 0</p>
<p></p></div></li><li><div><p>{564923320,87545034,118689017,87545034,0,35969075,118689017,35969075,0}</p>
<p>663611218</p>
<p>Returns: 0</p>
<p></p></div></li><li><div><p>{0,0,0,0,0,0,0,0,0,0,0,0,0,0,0,0,0,0,0,0,0,0,0,0,0,0,0,0,0,0,0,0,0,0,0,0,0,0,0,0,0,0,0,0,0,0,0,0,0,0,0,0,0,0,0,0,0,0,0,0,0,0,0,0,0,0,0,0,0,0,0,0,0,0,0,0,0,0,0,0,0,0,0,0,0,0,0,0,0,0,0,0,0,0,0,0,0,0,0,0}</p>
<p>1000000000</p>
<p>Returns: 1000000001</p>
<p></p></div></li><li><div><p>{0,6469527,27726190,126829390,64511014,24574540,6469527,0,29730553,133035225,62581681,18107867,27726190,29730553,0,103305760,41897288,13757218,126829390,133035225,103305760,0,72818536,117029122,64511014,62581681,41897288,72818536,0,45000298,24574540,18107867,13757218,117029122,45000298,0}</p>
<p>12345678</p>
<p>Returns: 0</p>
<p></p></div></li><li><div><p>{0, 18955782, 19774078, 15197314, 10559559, 9167552, 1059865, 10395923, 23165910, 45583720, 18955782, 0, 820344, 29809284, 25173569, 27974854, 19993119, 29335317, 4212176, 60207982, 19774078, 820344, 0, 30039804, 25991737, 27678910, 20813415, 28515181, 5030312, 60438294, 15197314, 29809284, 30039804, 0, 4637893, 7079490, 16238747, 7947665, 25599828, 38824426, 10559559, 25173569, 25991737, 4637893, 0, 2802311, 11603038, 4161876, 29383569, 35040559, 9167552, 27974854, 27678910, 7079490, 2802311, 0, 10211033, 1393619, 32151830, 37515176, 1059865, 19993119, 20813415, 16238747, 11603038, 10211033, 0, 9342218, 24205263, 44540273, 10395923, 29335317, 28515181, 7947665, 4161876, 1393619, 9342218, 0, 33544901, 36252795, 23165910, 4212176, 5030312, 25599828, 29383569, 32151830, 24205263, 33544901, 0, 64419518, 45583720, 60207982, 60438294, 38824426, 35040559, 37515176, 44540273, 36252795, 64419518, 0 }</p>
<p>1000000000</p>
<p>Returns: 976248323</p></div></li><li><div><p>{0 }</p>
<p>5</p>
